# 68
506.40808 361.32892
515.31952 378.21899
523.20258 395.36490
529.81372 405.00070
533.22351 410.03342
567.22400 432.86453
585.97833 443.69623
612.33264 452.50586
626.11627 452.53021
640.30463 443.23703
635.09888 444.11053
636.25671 426.21445
644.74640 393.54449
637.92340 387.64044
633.27252 383.43228
614.67383 453.77814
634.98199 362.70300
608.06781 347.31821
607.20337 330.60602
611.71375 329.49490
623.20404 330.33655
629.31525 339.16663
624.04694 334.68430
626.76184 330.26031
629.98486 330.43329
630.03705 330.34402
544.05493 428.44543
628.98224 350.08569
504.04712 382.98367
636.29224 409.49237
505.44357 398.76666
609.47021 383.17352
612.99524 381.70129
622.60547 385.21521
629.50342 388.09891
629.61279 384.59836
523.58563 378.91833
549.82507 365.89374
549.83258 367.04892
620.51685 345.42651
622.68744 370.95154
616.99011 363.21844
613.67334 362.21295
615.28821 365.17880
618.73065 364.24518
630.60028 363.20911
623.81726 369.35046
614.58447 362.21362
596.92212 379.81937
608.54138 397.93738
588.96252 415.29480
626.09479 389.38181
626.61188 389.77670
631.13855 392.45694
632.14703 390.91785
631.06781 402.49973
629.93982 412.53265
625.92969 416.06250
623.08167 415.81439
617.61310 414.88284
598.50665 379.57852
615.59869 397.63437
627.24609 393.25842
626.91095 395.79147
617.05286 381.80011
627.70312 401.44504
624.51587 404.20117
621.41119 408.17740
